
cs_ratio:10
24.10300921988253,26.89003095142896,27.420839460884267,27.78146352740108,28.03864967419663,28.238441283820826,28.401928310277075,28.539176947150203,28.655783969407437,28.7554138503216,28.840124925903382,28.912403112399048,28.972968093194833,29.02386045963723,29.06501454234033,29.098166260244636,29.123113869986327,29.14103265060919,29.152052706477733,29.156679870444833,
0.6444187059845181,0.771780516710101,0.7885804465294557,0.8010519930806943,0.8089192625977835,0.8148501874878893,0.8195812228111963,0.8234869951003749,0.8266693914345629,0.829332223021218,0.8314898481541184,0.8333796624999057,0.8348740056764697,0.8361822659278683,0.8371582288060534,0.8379839062545571,0.838519938668274,0.838894689474349,0.8390657901771914,0.8390875798761657,
cs_ratio:20
26.628452956981928,30.685904389799052,31.801724257563272,32.60442925485102,33.19355784679695,33.63469116405915,33.98462459566308,34.271403662693494,34.50959700820646,34.70847637823594,34.874389605420276,35.01233991939445,35.125792175157805,35.217781402817174,35.29053151865337,35.34612393334345,35.386202342648254,35.41202745231513,35.42456421772727,35.42448616259613,
0.7104927814119057,0.8590484410795187,0.8822400688780176,0.8947498972707345,0.9025160967347527,0.9080118452427222,0.9121883920464599,0.9155708371198626,0.918333736222634,0.9205656986143596,0.9223364588035153,0.9237432032008778,0.9248454883498616,0.9257033762856268,0.9263433904226593,0.9267995139744452,0.9270969013648264,0.927245236377333,0.9272672646624878,0.9271569689885731,
cs_ratio:30
28.813018902601428,32.64432933106782,33.98062991175421,34.94591484163669,35.64591318436748,36.13846796397258,36.51775567581546,36.82430596497543,37.07556823880031,37.28326225127482,37.45466913080353,37.595353867974,37.70872607410233,37.797562123756336,37.86379665292292,37.90899679540341,37.93436434983877,37.94125630722279,37.93125694876079,37.90585154309194,
0.7604153694402277,0.8924871266519481,0.9137921861047282,0.9259263962589993,0.93375395438728,0.9383831783199754,0.9415233275701723,0.943864512958576,0.9456571014269686,0.9470454005297116,0.9481181399410196,0.9489363895149058,0.9495419977895643,0.9499651125546953,0.9502296373108163,0.9503518975458498,0.9503462046674217,0.9502238000394929,0.9499970540528956,0.949676905217929,
cs_ratio:40
31.449783139353116,35.51156169474623,37.297759189235606,38.78690579269177,39.88891989219803,40.54756239971129,40.98623233916367,41.307166798502614,41.54682999875841,41.72878096335396,41.86232362725648,41.95559833047011,42.01304102103517,42.04037886707568,42.04166534096284,42.02107144680338,41.98164805721814,41.9262287856807,41.85704967583601,41.776078729274204,
0.8334539185255914,0.9270670609617099,0.9450584321530937,0.9580206846806386,0.9665957549123818,0.970085282673724,0.9720152965654172,0.9732785802136342,0.9741421010150133,0.9747352250259722,0.975122575266584,0.9753480453732867,0.9754411495930896,0.9754265814365165,0.9753238305778303,0.9751477612411685,0.9749109724369616,0.97462158971668,0.9742878742154777,0.973914055269306,
cs_ratio:50
33.283284745662016,36.956749272462666,39.1908408258329,41.108971986269125,42.37926456942828,43.10155483589537,43.53106296656382,43.81393591671986,43.99474494185424,44.109816887713436,44.172531553233846,44.19864497224846,44.19467924283524,44.168545496908116,44.12396420991314,44.06526081507858,43.99469914283168,43.914837841049604,43.827248654937875,43.733577117081076,
0.864809276816737,0.9373483264948699,0.9560424132900655,0.9697672682122337,0.9762148173798159,0.9788037096189488,0.9801954889432265,0.9810602156283972,0.9815942538880416,0.9819094245925474,0.9820624678090577,0.9820969321503138,0.9820400728299244,0.9819124458526208,0.9817290648020476,0.9815010396186242,0.9812366966201751,0.9809420212724211,0.9806219085998893,0.9802801777364966,
cs_ratio:15
24.899143099688835,27.71036635681394,28.28752647709196,28.7103980509997,29.023843924601728,29.271502877433747,29.477932429778175,29.655251414192666,29.80957742348522,29.945063047449572,30.064398292030187,30.16979509520901,30.262644766824113,30.344243075070175,30.41552740390601,30.47743361163477,30.530425032191363,30.575181673366938,30.611986154160654,30.641468487127177,
0.6750343260783326,0.7954162666438687,0.8167270232320809,0.8313346927314241,0.8403536494871732,0.8469690505127917,0.8522416786136617,0.8566240016020034,0.8603131865749449,0.8634500246990062,0.8661259462728562,0.8683983079506414,0.8702981994954834,0.8718377024680034,0.873109470924485,0.8741100189558297,0.874910972296865,0.8754830817940933,0.8759101070233466,0.8761486461975193,
cs_ratio:25
27.467857115337903,31.58003819260987,32.77943077253756,33.65219782686253,34.29607557836787,34.77042739529334,35.146818362136464,35.4577779833987,35.718402589084874,35.93858104936067,36.12430144275438,36.280199783095235,36.40951067852343,36.51495145713244,36.59873348590645,36.662487884806815,36.70763998777894,36.73520179281759,36.74645118560377,36.74184325557727,
0.7389502216164846,0.8798516988675007,0.9012981334635871,0.9137440764443475,0.9216657806107139,0.9268792868200374,0.9306900535610009,0.9336039703780561,0.9358636891309199,0.9376507496512211,0.9390653250096628,0.9401819125078942,0.941040248935314,0.9416847784841755,0.9421381194256168,0.9424292478958504,0.9425659430725886,0.9425703209924374,0.9424486811608618,0.9422143587829052,
cs_ratio:35
29.980536520481017,34.84720643306331,36.609036951197375,38.057934611595854,39.15390851603212,39.83867106730383,40.3033874508269,40.634724823330565,40.87221810221842,41.04255089528277,41.16011496210197,41.23664849031079,41.278600452932515,41.29135967617798,41.278269190144,41.243337188430914,41.18967667139081,41.120454448268255,41.03786402825079,40.94410571355713,
0.7990304768950189,0.9193786614207489,0.9381747227486447,0.9505450664396315,0.958851752451768,0.9626441662888913,0.9648889659254728,0.966387005868278,0.9674183287145862,0.9681272625506792,0.9685950875024066,0.9688762999969167,0.9690051253667223,0.9690075428877063,0.9689012513228478,0.9687032768816444,0.9684259289695373,0.9680821588904167,0.9676793871540439,0.9672264246629255,
cs_ratio:45
32.35153811666168,36.04926562320338,38.03670454641715,39.75235250142183,41.025020158862965,41.79822516828637,42.30347812246032,42.670306407066704,42.93904822572268,43.1365401052913,43.27404853897815,43.364570250595044,43.41531227054661,43.434265040917246,43.42619762067511,43.39605974891538,43.34720770524357,43.283027158343785,43.206045797279785,43.118722185140804,
0.8468047923422514,0.9311998044171013,0.9499146721103537,0.9637710847769998,0.9720288838070794,0.9754106522530465,0.9772629120422178,0.9784693599177591,0.9792803249635914,0.9798186460304362,0.9801488106276645,0.9803218748750793,0.9803709862393295,0.980323312769872,0.9801972492957894,0.9800081910705252,0.9797669274697739,0.9794823052954582,0.9791609565036399,0.9788083898958969,


29.06501454234033,35.29053151865337,37.86379665292292,42.04166534096284,44.12396420991314,
0.8371582288060534,0.9263433904226593,0.9502296373108163,0.9753238305778303,0.9817290648020476,
30.41552740390601,36.59873348590645,41.278269190144,43.42619762067511,
0.873109470924485,0.9421381194256168,0.9689012513228478,0.9801972492957894,

29.06501454234033,30.41552740390601,35.29053151865337,36.59873348590645,37.86379665292292,41.278269190144,42.04166534096284,43.42619762067511,44.12396420991314
0.8371582288060534,0.873109470924485,0.9263433904226593,0.9421381194256168,0.9502296373108163,0.9689012513228478,0.9753238305778303,0.9801972492957894,0.9817290648020476


31.979077028605992,37.728288174602895,41.674987151929045,44.011337296481344,
0.9010665102642963,0.9505260838492825,0.9715235177289985,0.9824081047953325,
30.682385838423002,36.762476200627596,38.93630059421593,42.57218804142686,44.652245808262165,
0.8701624808185813,0.9403081434445175,0.957151184708565,0.9776772733857716,0.9836840476021969,

30.682385838423002,31.979077028605992,36.762476200627596,37.728288174602895,38.93630059421593,41.674987151929045,42.57218804142686,44.011337296481344,44.652245808262165
0.8701624808185813,0.9010665102642963,0.9403081434445175,0.9505260838492825,0.957151184708565,0.9715235177289985,0.9776772733857716,0.9824081047953325,0.9836840476021969
